barrier;99.2%;(1116, 218, 1256, 442);31360;(1186.0, 372.0);A
point;97.4%;(2009, 1284, 2321, 1509);70200;(2165.0, 1396.5);E
wall;95.0%;(2458, 188, 2520, 352);10168;(2489.0, 270.0);None
wall;92.8%;(1582, 397, 1645, 590);12159;(1613.5, 493.5);None
point;91.7%;(3213, 598, 3409, 664);12936;(3311.0, 631.0);D
point;91.3%;(254, 792, 491, 895);24411;(372.5, 843.5);F
pointc;64.9%;(2927, 313, 3030, 337);2472;(2978.5, 325.0);C
point;54.9%;(2024, 354, 2139, 388);3910;(2081.5, 371.0);H
point;19.0%;(2034, 234, 2133, 254);1980;(2083.5, 244.0);B
point;18.9%;(2276, 478, 2413, 529);6987;(2344.5, 503.5);G
point;92.1%;(3852, 1321, 4013, 1428);17227;(3932.5, 1374.5);None
point;90.7%;(2029, 1675, 2199, 1811);23120;(2114.0, 1743.0);G
point;86.8%;(3563, 993, 3695, 1066);9636;(3629.0, 1029.5);None
barrier;74.5%;(2585, 589, 2726, 1109);73320;(2655.5, 1038.5);None
wall;54.7%;(3074, 1076, 3175, 1392);31916;(3124.5, 1234.0);None
pointb;50.5%;(3596, 674, 3702, 729);5830;(3649.0, 701.5);B
